   0.000   0.000   0.000   0.000   0.000   0.000   0.000   0.000   0.000   0.000   0.000   0.000   0.000   0.000   0.000   0.000   0.000   0.000   0.000   0.000
   0.0000.0030420.0059960.008779 0.01131 0.01353 0.01538 0.01680 0.01777 0.01826 0.01826 0.01777 0.01680 0.01538 0.01353 0.011310.0087790.0059960.003042   0.000
   0.0000.006170 0.01216 0.01781 0.02295 0.02744 0.03117 0.03406 0.03601 0.03701 0.03701 0.03601 0.03406 0.03117 0.02744 0.02295 0.01781 0.012160.006170   0.000
   0.0000.009477 0.01868 0.02734 0.03522 0.04211 0.04783 0.05223 0.05523 0.05674 0.05674 0.05523 0.05223 0.04783 0.04211 0.03522 0.02734 0.018680.009477   0.000
   0.000 0.01306 0.02573 0.03765 0.04849 0.05795 0.06579 0.07183 0.07592 0.07800 0.07800 0.07592 0.07183 0.06579 0.05795 0.04849 0.03765 0.02573 0.01306   0.000
   0.000 0.01703 0.03354 0.04905 0.06313 0.07540 0.08555 0.09336 0.09865  0.1013  0.1013 0.09865 0.09336 0.08555 0.07540 0.06313 0.04905 0.03354 0.01703   0.000
   0.000 0.02151 0.04235 0.06189 0.07959 0.09497  0.1077  0.1174  0.1240  0.1273  0.1273  0.1240  0.1174  0.1077 0.09497 0.07959 0.06189 0.04235 0.02151   0.000
   0.000 0.02665 0.05245 0.07658 0.09836  0.1172  0.1327  0.1446  0.1526  0.1566  0.1566  0.1526  0.1446  0.1327  0.1172 0.09836 0.07658 0.05245 0.02665   0.000
   0.000 0.03266 0.06421 0.09362  0.1200  0.1428  0.1615  0.1756  0.1852  0.1900  0.1900  0.1852  0.1756  0.1615  0.1428  0.1200 0.09362 0.06421 0.03266   0.000
   0.000 0.03978 0.07810  0.1137  0.1454  0.1725  0.1946  0.2113  0.2225  0.2281  0.2281  0.2225  0.2113  0.1946  0.1725  0.1454  0.1137 0.07810 0.03978   0.000
   0.000 0.04837 0.09477  0.1375  0.1753  0.2074  0.2332  0.2525  0.2654  0.2719  0.2719  0.2654  0.2525  0.2332  0.2074  0.1753  0.1375 0.09477 0.04837   0.000
   0.000 0.05891  0.1151  0.1663  0.2110  0.2484  0.2781  0.3002  0.3148  0.3221  0.3221  0.3148  0.3002  0.2781  0.2484  0.2110  0.1663  0.1151 0.05891   0.000
   0.000 0.07219  0.1404  0.2016  0.2540  0.2971  0.3307  0.3554  0.3715  0.3795  0.3795  0.3715  0.3554  0.3307  0.2971  0.2540  0.2016  0.1404 0.07219   0.000
   0.000 0.08945  0.1727  0.2456  0.3065  0.3551  0.3923  0.4191  0.4364  0.4449  0.4449  0.4364  0.4191  0.3923  0.3551  0.3065  0.2456  0.1727 0.08945   0.000
   0.000  0.1129  0.2153  0.3018  0.3711  0.4246  0.4644  0.4924  0.5101  0.5188  0.5188  0.5101  0.4924  0.4644  0.4246  0.3711  0.3018  0.2153  0.1129   0.000
   0.000  0.1468  0.2740  0.3750  0.4515  0.5078  0.5482  0.5758  0.5930  0.6013  0.6013  0.5930  0.5758  0.5482  0.5078  0.4515  0.3750  0.2740  0.1468   0.000
   0.000  0.2005  0.3587  0.4727  0.5522  0.6071  0.6447  0.6696  0.6848  0.6921  0.6921  0.6848  0.6696  0.6447  0.6071  0.5522  0.4727  0.3587  0.2005   0.000
   0.000  0.2963  0.4878  0.6048  0.6774  0.7237  0.7538  0.7731  0.7847  0.7901  0.7901  0.7847  0.7731  0.7538  0.7237  0.6774  0.6048  0.4878  0.2963   0.000
   0.000  0.4970  0.6915  0.7813  0.8288  0.8565  0.8737  0.8844  0.8907  0.8936  0.8936  0.8907  0.8844  0.8737  0.8565  0.8288  0.7813  0.6915  0.4970   0.000
   0.000   1.000   1.000   1.000   1.000   1.000   1.000   1.000   1.000   1.000   1.000   1.000   1.000   1.000   1.000   1.000   1.000   1.000   1.000   0.000
