   0.000   0.000   0.000   0.000   0.000   0.000   0.000   0.000   0.000   0.000
   0.000 0.01371 0.02565 0.03438 0.03897 0.03897 0.03438 0.02565 0.01371   0.000
   0.000 0.02919 0.05450 0.07290 0.08253 0.08253 0.07290 0.05450 0.02919   0.000
   0.000 0.04856 0.09025  0.1202  0.1357  0.1357  0.1202 0.09025 0.04856   0.000
   0.000 0.07478  0.1378  0.1819  0.2044  0.2044  0.1819  0.1378 0.07478   0.000
   0.000  0.1128  0.2041  0.2654  0.2956  0.2956  0.2654  0.2041  0.1128   0.000
   0.000  0.1723  0.3004  0.3798  0.4170  0.4170  0.3798  0.3004  0.1723   0.000
   0.000  0.2760  0.4455  0.5364  0.5756  0.5756  0.5364  0.4455  0.2760   0.000
   0.000  0.4863  0.6691  0.7448  0.7735  0.7735  0.7448  0.6691  0.4863   0.000
   0.000   1.000   1.000   1.000   1.000   1.000   1.000   1.000   1.000   0.000
