  0.10  0.20  0.30  0.40  0.50  0.60  0.70  0.80  0.90
  0.00078424567   0.0021867168   0.0057314403    0.014459198    0.034989613    0.080516113     0.17406833     0.34780802     0.62846441
   0.0068903656    0.015706550    0.032124680    0.062191438     0.11462405     0.20046171     0.33087833     0.51256387     0.74167047
    0.019743909    0.040475475    0.072216530     0.12089470     0.19296637     0.29440793     0.42902016     0.59643293     0.79063302
    0.035827809    0.069281508     0.11430218     0.17576431     0.25799171     0.36403464     0.49479968     0.64829946     0.81935371
    0.051835815    0.096904821     0.15255438     0.22264563     0.31013841     0.41664829     0.54202753     0.68410208     0.83869371
    0.066137583     0.12112042     0.18516569     0.26132306     0.35171581     0.45726563     0.57748766     0.71041751     0.85272037
    0.078249626     0.14142818     0.21211702     0.29273300     0.38486221     0.48907820     0.60483644     0.73047374     0.86333111
    0.088229838     0.15807546     0.23403943     0.31804315     0.41130467     0.51421087     0.62625878     0.74607986     0.87155291
    0.096335986     0.17155962     0.25172266     0.33835573     0.43241031     0.53416431     0.64318640     0.75836617     0.87801057
     0.10286969     0.18241206     0.26592270     0.35462242     0.44926186     0.55004940     0.65662766     0.76810217     0.88312115
     0.10811431     0.19111636     0.27729812     0.36763396     0.46271935     0.56271484     0.66732933     0.77584510     0.88718263
     0.11231478     0.19808470     0.28639885     0.37803517     0.47346753     0.57282159     0.67586238     0.78201518     0.89041782
     0.11567490     0.20365764     0.29367454     0.38634687     0.48205235     0.58089023     0.68267178     0.78693727     0.89299809
     0.11836103     0.20811214     0.29948893     0.39298758     0.48890947     0.58733338     0.68810809     0.79086612     0.89505744
     0.12050758     0.21167160     0.30413453     0.39829270     0.49438668     0.59247919     0.69244924     0.79400318     0.89670166
     0.12222260     0.21451538     0.30784586     0.40253060     0.49876172     0.59658920     0.69591632     0.79650847     0.89801470
     0.12359270     0.21678718     0.31081062     0.40591588     0.50225638     0.59987203     0.69868552     0.79850941     0.89906339
     0.12468719     0.21860196     0.31317891     0.40862003     0.50504785     0.60249422     0.70089739     0.80010762     0.89990100
     0.12556148     0.22005161     0.31507070     0.41078007     0.50727761     0.60458875     0.70266414     0.80138419     0.90057004
     0.12625986     0.22120958     0.31658183     0.41250548     0.50905869     0.60626180     0.70407537     0.80240387     0.90110444
     0.12681772     0.22213456     0.31778891     0.41388370     0.51048139     0.60759819     0.70520262     0.80321837     0.90153130
     0.12726332     0.22287341     0.31875310     0.41498460     0.51161781     0.60866567     0.70610304     0.80386896     0.90187227
     0.12761927     0.22346360     0.31952328     0.41586398     0.51252555     0.60951835     0.70682228     0.80438864     0.90214463
     0.12790359     0.22393503     0.32013848     0.41656641     0.51325065     0.61019946     0.70739679     0.80480376     0.90236219
     0.12813070     0.22431159     0.32062989     0.41712750     0.51382984     0.61074351     0.70785570     0.80513534     0.90253596
     0.12831211     0.22461239     0.32102242     0.41757568     0.51429248     0.61117809     0.70822227     0.80540020     0.90267477
     0.12845702     0.22485266     0.32133597     0.41793369     0.51466203     0.61152522     0.70851507     0.80561176     0.90278565
     0.12857277     0.22504458     0.32158642     0.41821965     0.51495722     0.61180250     0.70874896     0.80578076     0.90287422
     0.12866523     0.22519788     0.32178648     0.41844807     0.51519301     0.61202399     0.70893578     0.80591575     0.90294497
     0.12873908     0.22532034     0.32194628     0.41863053     0.51538136     0.61220091     0.70908502     0.80602357     0.90300148
     0.12879807     0.22541816     0.32207393     0.41877628     0.51553181     0.61234223     0.70920422     0.80610970     0.90304662
     0.12884520     0.22549629     0.32217589     0.41889270     0.51565198     0.61245511     0.70929944     0.80617850     0.90308267
     0.12888284     0.22555870     0.32225733     0.41898569     0.51574797     0.61254528     0.70937549     0.80623346     0.90311147
     0.12891290     0.22560855     0.32232239     0.41905997     0.51582465     0.61261731     0.70943625     0.80627736     0.90313448
     0.12893692     0.22564837     0.32237436     0.41911930     0.51588590     0.61267484     0.70948478     0.80631242     0.90315286
     0.12895610     0.22568018     0.32241587     0.41916670     0.51593482     0.61272080     0.70952354     0.80634043     0.90316754
     0.12897143     0.22570559     0.32244902     0.41920455     0.51597390     0.61275750     0.70955450     0.80636280     0.90317926
     0.12898367     0.22572589     0.32247551     0.41923479     0.51600512     0.61278683     0.70957924     0.80638067     0.90318863
     0.12899345     0.22574210     0.32249666     0.41925895     0.51603005     0.61281025     0.70959899     0.80639495     0.90319611
     0.12900126     0.22575505     0.32251356     0.41927824     0.51604997     0.61282896     0.70961477     0.80640635     0.90320208
     0.12900749     0.22576539     0.32252706     0.41929366     0.51606588     0.61284390     0.70962738     0.80641546     0.90320686
     0.12901248     0.22577365     0.32253784     0.41930597     0.51607858     0.61285584     0.70963745     0.80642273     0.90321067
     0.12901646     0.22578025     0.32254646     0.41931580     0.51608874     0.61286537     0.70964549     0.80642854     0.90321372
     0.12901964     0.22578552     0.32255334     0.41932366     0.51609684     0.61287299     0.70965192     0.80643319     0.90321615
     0.12902218     0.22578974     0.32255883     0.41932993     0.51610332     0.61287907     0.70965705     0.80643689     0.90321809
     0.12902420     0.22579310     0.32256322     0.41933494     0.51610849     0.61288393     0.70966115     0.80643986     0.90321964
     0.12902583     0.22579579     0.32256673     0.41933895     0.51611263     0.61288782     0.70966442     0.80644222     0.90322088
     0.12902712     0.22579793     0.32256953     0.41934214     0.51611593     0.61289092     0.70966704     0.80644411     0.90322187
     0.12902815     0.22579965     0.32257176     0.41934470     0.51611857     0.61289339     0.70966913     0.80644562     0.90322267
     0.12902898     0.22580102     0.32257355     0.41934674     0.51612067     0.61289537     0.70967079     0.80644683     0.90322330
     0.12902964     0.22580211     0.32257498     0.41934837     0.51612235     0.61289695     0.70967213     0.80644779     0.90322380
     0.12903017     0.22580298     0.32257612     0.41934967     0.51612370     0.61289821     0.70967319     0.80644856     0.90322421
     0.12903059     0.22580368     0.32257703     0.41935071     0.51612477     0.61289922     0.70967404     0.80644917     0.90322453
     0.12903092     0.22580424     0.32257776     0.41935154     0.51612563     0.61290003     0.70967472     0.80644966     0.90322479
     0.12903119     0.22580468     0.32257834     0.41935220     0.51612631     0.61290067     0.70967527     0.80645006     0.90322499
     0.12903141     0.22580504     0.32257880     0.41935273     0.51612686     0.61290119     0.70967570     0.80645037     0.90322515
     0.12903158     0.22580532     0.32257917     0.41935316     0.51612730     0.61290160     0.70967604     0.80645062     0.90322529
     0.12903171     0.22580555     0.32257947     0.41935350     0.51612765     0.61290192     0.70967632     0.80645082     0.90322539
     0.12903182     0.22580573     0.32257971     0.41935377     0.51612793     0.61290219     0.70967654     0.80645098     0.90322547
     0.12903191     0.22580588     0.32257990     0.41935398     0.51612815     0.61290240     0.70967672     0.80645111     0.90322554
     0.12903198     0.22580599     0.32258005     0.41935415     0.51612833     0.61290256     0.70967686     0.80645121     0.90322559
     0.12903204     0.22580608     0.32258017     0.41935429     0.51612847     0.61290270     0.70967697     0.80645129     0.90322564
     0.12903208     0.22580616     0.32258026     0.41935440     0.51612858     0.61290280     0.70967706     0.80645135     0.90322567
     0.12903212     0.22580622     0.32258034     0.41935449     0.51612867     0.61290289     0.70967713     0.80645141     0.90322570
     0.12903215     0.22580626     0.32258040     0.41935456     0.51612874     0.61290296     0.70967719     0.80645145     0.90322572
     0.12903217     0.22580630     0.32258045     0.41935462     0.51612880     0.61290301     0.70967724     0.80645148     0.90322574
     0.12903219     0.22580633     0.32258049     0.41935466     0.51612885     0.61290305     0.70967727     0.80645151     0.90322575
     0.12903220     0.22580636     0.32258052     0.41935470     0.51612889     0.61290309     0.70967730     0.80645153     0.90322576
     0.12903221     0.22580638     0.32258055     0.41935473     0.51612892     0.61290312     0.70967733     0.80645155     0.90322577
     0.12903222     0.22580639     0.32258057     0.41935475     0.51612894     0.61290314     0.70967735     0.80645156     0.90322578
     0.12903223     0.22580640     0.32258058     0.41935477     0.51612896     0.61290316     0.70967736     0.80645157     0.90322578
     0.12903223     0.22580641     0.32258059     0.41935478     0.51612897     0.61290317     0.70967737     0.80645158     0.90322579
     0.12903224     0.22580642     0.32258060     0.41935479     0.51612898     0.61290318     0.70967738     0.80645159     0.90322579
     0.12903224     0.22580643     0.32258061     0.41935480     0.51612899     0.61290319     0.70967739     0.80645159     0.90322580
     0.12903225     0.22580643     0.32258062     0.41935481     0.51612900     0.61290320     0.70967740     0.80645160     0.90322580
     0.12903225     0.22580644     0.32258062     0.41935482     0.51612901     0.61290320     0.70967740     0.80645160     0.90322580
     0.12903225     0.22580644     0.32258063     0.41935482     0.51612901     0.61290321     0.70967740     0.80645160     0.90322580
     0.12903225     0.22580644     0.32258063     0.41935482     0.51612902     0.61290321     0.70967741     0.80645160     0.90322580
     0.12903225     0.22580644     0.32258063     0.41935483     0.51612902     0.61290321     0.70967741     0.80645161     0.90322580
     0.12903225     0.22580645     0.32258064     0.41935483     0.51612902     0.61290322     0.70967741     0.80645161     0.90322580
     0.12903225     0.22580645     0.32258064     0.41935483     0.51612902     0.61290322     0.70967741     0.80645161     0.90322580
     0.12903226     0.22580645     0.32258064     0.41935483     0.51612903     0.61290322     0.70967741     0.80645161     0.90322580
     0.12903226     0.22580645     0.32258064     0.41935483     0.51612903     0.61290322     0.70967742     0.80645161     0.90322580
     0.12903226     0.22580645     0.32258064     0.41935483     0.51612903     0.61290322     0.70967742     0.80645161     0.90322581
     0.12903226     0.22580645     0.32258064     0.41935484     0.51612903     0.61290322     0.70967742     0.80645161     0.90322581
     0.12903226     0.22580645     0.32258064     0.41935484     0.51612903     0.61290322     0.70967742     0.80645161     0.90322581
     0.12903226     0.22580645     0.32258064     0.41935484     0.51612903     0.61290322     0.70967742     0.80645161     0.90322581
     0.12903226     0.22580645     0.32258064     0.41935484     0.51612903     0.61290322     0.70967742     0.80645161     0.90322581
     0.12903226     0.22580645     0.32258064     0.41935484     0.51612903     0.61290322     0.70967742     0.80645161     0.90322581
     0.12903226     0.22580645     0.32258064     0.41935484     0.51612903     0.61290322     0.70967742     0.80645161     0.90322581
     0.12903226     0.22580645     0.32258064     0.41935484     0.51612903     0.61290323     0.70967742     0.80645161     0.90322581
     0.12903226     0.22580645     0.32258064     0.41935484     0.51612903     0.61290323     0.70967742     0.80645161     0.90322581
     0.12903226     0.22580645     0.32258064     0.41935484     0.51612903     0.61290323     0.70967742     0.80645161     0.90322581
     0.12903226     0.22580645     0.32258064     0.41935484     0.51612903     0.61290323     0.70967742     0.80645161     0.90322581
     0.12903226     0.22580645     0.32258064     0.41935484     0.51612903     0.61290323     0.70967742     0.80645161     0.90322581
     0.12903226     0.22580645     0.32258064     0.41935484     0.51612903     0.61290323     0.70967742     0.80645161     0.90322581
     0.12903226     0.22580645     0.32258064     0.41935484     0.51612903     0.61290323     0.70967742     0.80645161     0.90322581
     0.12903226     0.22580645     0.32258065     0.41935484     0.51612903     0.61290323     0.70967742     0.80645161     0.90322581
     0.12903226     0.22580645     0.32258065     0.41935484     0.51612903     0.61290323     0.70967742     0.80645161     0.90322581
     0.12903226     0.22580645     0.32258065     0.41935484     0.51612903     0.61290323     0.70967742     0.80645161     0.90322581
     0.12903226     0.22580645     0.32258065     0.41935484     0.51612903     0.61290323     0.70967742     0.80645161     0.90322581
     0.12903226     0.22580645     0.32258065     0.41935484     0.51612903     0.61290323     0.70967742     0.80645161     0.90322581
     0.12903226     0.22580645     0.32258065     0.41935484     0.51612903     0.61290323     0.70967742     0.80645161     0.90322581
     0.12903226     0.22580645     0.32258065     0.41935484     0.51612903     0.61290323     0.70967742     0.80645161     0.90322581
     0.12903226     0.22580645     0.32258065     0.41935484     0.51612903     0.61290323     0.70967742     0.80645161     0.90322581
     0.12903226     0.22580645     0.32258065     0.41935484     0.51612903     0.61290323     0.70967742     0.80645161     0.90322581
     0.12903226     0.22580645     0.32258065     0.41935484     0.51612903     0.61290323     0.70967742     0.80645161     0.90322581
     0.12903226     0.22580645     0.32258065     0.41935484     0.51612903     0.61290323     0.70967742     0.80645161     0.90322581
     0.12903226     0.22580645     0.32258065     0.41935484     0.51612903     0.61290323     0.70967742     0.80645161     0.90322581
     0.12903226     0.22580645     0.32258065     0.41935484     0.51612903     0.61290323     0.70967742     0.80645161     0.90322581
     0.12903226     0.22580645     0.32258065     0.41935484     0.51612903     0.61290323     0.70967742     0.80645161     0.90322581
     0.12903226     0.22580645     0.32258065     0.41935484     0.51612903     0.61290323     0.70967742     0.80645161     0.90322581
     0.12903226     0.22580645     0.32258065     0.41935484     0.51612903     0.61290323     0.70967742     0.80645161     0.90322581
     0.12903226     0.22580645     0.32258065     0.41935484     0.51612903     0.61290323     0.70967742     0.80645161     0.90322581
     0.12903226     0.22580645     0.32258065     0.41935484     0.51612903     0.61290323     0.70967742     0.80645161     0.90322581
     0.12903226     0.22580645     0.32258065     0.41935484     0.51612903     0.61290323     0.70967742     0.80645161     0.90322581
     0.12903226     0.22580645     0.32258065     0.41935484     0.51612903     0.61290323     0.70967742     0.80645161     0.90322581
     0.12903226     0.22580645     0.32258065     0.41935484     0.51612903     0.61290323     0.70967742     0.80645161     0.90322581
     0.12903226     0.22580645     0.32258065     0.41935484     0.51612903     0.61290323     0.70967742     0.80645161     0.90322581
     0.12903226     0.22580645     0.32258065     0.41935484     0.51612903     0.61290323     0.70967742     0.80645161     0.90322581
     0.12903226     0.22580645     0.32258065     0.41935484     0.51612903     0.61290323     0.70967742     0.80645161     0.90322581
     0.12903226     0.22580645     0.32258065     0.41935484     0.51612903     0.61290323     0.70967742     0.80645161     0.90322581
     0.12903226     0.22580645     0.32258065     0.41935484     0.51612903     0.61290323     0.70967742     0.80645161     0.90322581
     0.12903226     0.22580645     0.32258065     0.41935484     0.51612903     0.61290323     0.70967742     0.80645161     0.90322581
     0.12903226     0.22580645     0.32258065     0.41935484     0.51612903     0.61290323     0.70967742     0.80645161     0.90322581
     0.12903226     0.22580645     0.32258065     0.41935484     0.51612903     0.61290323     0.70967742     0.80645161     0.90322581
     0.12903226     0.22580645     0.32258065     0.41935484     0.51612903     0.61290323     0.70967742     0.80645161     0.90322581
     0.12903226     0.22580645     0.32258065     0.41935484     0.51612903     0.61290323     0.70967742     0.80645161     0.90322581
     0.12903226     0.22580645     0.32258065     0.41935484     0.51612903     0.61290323     0.70967742     0.80645161     0.90322581
     0.12903226     0.22580645     0.32258065     0.41935484     0.51612903     0.61290323     0.70967742     0.80645161     0.90322581
     0.12903226     0.22580645     0.32258065     0.41935484     0.51612903     0.61290323     0.70967742     0.80645161     0.90322581
     0.12903226     0.22580645     0.32258065     0.41935484     0.51612903     0.61290323     0.70967742     0.80645161     0.90322581
     0.12903226     0.22580645     0.32258065     0.41935484     0.51612903     0.61290323     0.70967742     0.80645161     0.90322581
     0.12903226     0.22580645     0.32258065     0.41935484     0.51612903     0.61290323     0.70967742     0.80645161     0.90322581
     0.12903226     0.22580645     0.32258065     0.41935484     0.51612903     0.61290323     0.70967742     0.80645161     0.90322581
     0.12903226     0.22580645     0.32258065     0.41935484     0.51612903     0.61290323     0.70967742     0.80645161     0.90322581
     0.12903226     0.22580645     0.32258065     0.41935484     0.51612903     0.61290323     0.70967742     0.80645161     0.90322581
     0.12903226     0.22580645     0.32258065     0.41935484     0.51612903     0.61290323     0.70967742     0.80645161     0.90322581
     0.12903226     0.22580645     0.32258065     0.41935484     0.51612903     0.61290323     0.70967742     0.80645161     0.90322581
     0.12903226     0.22580645     0.32258065     0.41935484     0.51612903     0.61290323     0.70967742     0.80645161     0.90322581
     0.12903226     0.22580645     0.32258065     0.41935484     0.51612903     0.61290323     0.70967742     0.80645161     0.90322581
     0.12903226     0.22580645     0.32258065     0.41935484     0.51612903     0.61290323     0.70967742     0.80645161     0.90322581
     0.12903226     0.22580645     0.32258065     0.41935484     0.51612903     0.61290323     0.70967742     0.80645161     0.90322581
     0.12903226     0.22580645     0.32258065     0.41935484     0.51612903     0.61290323     0.70967742     0.80645161     0.90322581
     0.12903226     0.22580645     0.32258065     0.41935484     0.51612903     0.61290323     0.70967742     0.80645161     0.90322581
     0.12903226     0.22580645     0.32258065     0.41935484     0.51612903     0.61290323     0.70967742     0.80645161     0.90322581
     0.12903226     0.22580645     0.32258065     0.41935484     0.51612903     0.61290323     0.70967742     0.80645161     0.90322581
     0.12903226     0.22580645     0.32258065     0.41935484     0.51612903     0.61290323     0.70967742     0.80645161     0.90322581
     0.12903226     0.22580645     0.32258065     0.41935484     0.51612903     0.61290323     0.70967742     0.80645161     0.90322581
     0.12903226     0.22580645     0.32258065     0.41935484     0.51612903     0.61290323     0.70967742     0.80645161     0.90322581
     0.12903226     0.22580645     0.32258065     0.41935484     0.51612903     0.61290323     0.70967742     0.80645161     0.90322581
     0.12903226     0.22580645     0.32258065     0.41935484     0.51612903     0.61290323     0.70967742     0.80645161     0.90322581
     0.12903226     0.22580645     0.32258065     0.41935484     0.51612903     0.61290323     0.70967742     0.80645161     0.90322581
     0.12903226     0.22580645     0.32258065     0.41935484     0.51612903     0.61290323     0.70967742     0.80645161     0.90322581
     0.12903226     0.22580645     0.32258065     0.41935484     0.51612903     0.61290323     0.70967742     0.80645161     0.90322581
     0.12903226     0.22580645     0.32258065     0.41935484     0.51612903     0.61290323     0.70967742     0.80645161     0.90322581
     0.12903226     0.22580645     0.32258065     0.41935484     0.51612903     0.61290323     0.70967742     0.80645161     0.90322581
     0.12903226     0.22580645     0.32258065     0.41935484     0.51612903     0.61290323     0.70967742     0.80645161     0.90322581
     0.12903226     0.22580645     0.32258065     0.41935484     0.51612903     0.61290323     0.70967742     0.80645161     0.90322581
     0.12903226     0.22580645     0.32258065     0.41935484     0.51612903     0.61290323     0.70967742     0.80645161     0.90322581
     0.12903226     0.22580645     0.32258065     0.41935484     0.51612903     0.61290323     0.70967742     0.80645161     0.90322581
     0.12903226     0.22580645     0.32258065     0.41935484     0.51612903     0.61290323     0.70967742     0.80645161     0.90322581
     0.12903226     0.22580645     0.32258065     0.41935484     0.51612903     0.61290323     0.70967742     0.80645161     0.90322581
     0.12903226     0.22580645     0.32258065     0.41935484     0.51612903     0.61290323     0.70967742     0.80645161     0.90322581
     0.12903226     0.22580645     0.32258065     0.41935484     0.51612903     0.61290323     0.70967742     0.80645161     0.90322581
     0.12903226     0.22580645     0.32258065     0.41935484     0.51612903     0.61290323     0.70967742     0.80645161     0.90322581
     0.12903226     0.22580645     0.32258065     0.41935484     0.51612903     0.61290323     0.70967742     0.80645161     0.90322581
     0.12903226     0.22580645     0.32258065     0.41935484     0.51612903     0.61290323     0.70967742     0.80645161     0.90322581
     0.12903226     0.22580645     0.32258065     0.41935484     0.51612903     0.61290323     0.70967742     0.80645161     0.90322581
     0.12903226     0.22580645     0.32258065     0.41935484     0.51612903     0.61290323     0.70967742     0.80645161     0.90322581
     0.12903226     0.22580645     0.32258065     0.41935484     0.51612903     0.61290323     0.70967742     0.80645161     0.90322581
     0.12903226     0.22580645     0.32258065     0.41935484     0.51612903     0.61290323     0.70967742     0.80645161     0.90322581
     0.12903226     0.22580645     0.32258065     0.41935484     0.51612903     0.61290323     0.70967742     0.80645161     0.90322581
     0.12903226     0.22580645     0.32258065     0.41935484     0.51612903     0.61290323     0.70967742     0.80645161     0.90322581
     0.12903226     0.22580645     0.32258065     0.41935484     0.51612903     0.61290323     0.70967742     0.80645161     0.90322581
     0.12903226     0.22580645     0.32258065     0.41935484     0.51612903     0.61290323     0.70967742     0.80645161     0.90322581
     0.12903226     0.22580645     0.32258065     0.41935484     0.51612903     0.61290323     0.70967742     0.80645161     0.90322581
     0.12903226     0.22580645     0.32258065     0.41935484     0.51612903     0.61290323     0.70967742     0.80645161     0.90322581
     0.12903226     0.22580645     0.32258065     0.41935484     0.51612903     0.61290323     0.70967742     0.80645161     0.90322581
     0.12903226     0.22580645     0.32258065     0.41935484     0.51612903     0.61290323     0.70967742     0.80645161     0.90322581
     0.12903226     0.22580645     0.32258065     0.41935484     0.51612903     0.61290323     0.70967742     0.80645161     0.90322581
     0.12903226     0.22580645     0.32258065     0.41935484     0.51612903     0.61290323     0.70967742     0.80645161     0.90322581
     0.12903226     0.22580645     0.32258065     0.41935484     0.51612903     0.61290323     0.70967742     0.80645161     0.90322581
     0.12903226     0.22580645     0.32258065     0.41935484     0.51612903     0.61290323     0.70967742     0.80645161     0.90322581
     0.12903226     0.22580645     0.32258065     0.41935484     0.51612903     0.61290323     0.70967742     0.80645161     0.90322581
     0.12903226     0.22580645     0.32258065     0.41935484     0.51612903     0.61290323     0.70967742     0.80645161     0.90322581
     0.12903226     0.22580645     0.32258065     0.41935484     0.51612903     0.61290323     0.70967742     0.80645161     0.90322581
     0.12903226     0.22580645     0.32258065     0.41935484     0.51612903     0.61290323     0.70967742     0.80645161     0.90322581
     0.12903226     0.22580645     0.32258065     0.41935484     0.51612903     0.61290323     0.70967742     0.80645161     0.90322581
     0.12903226     0.22580645     0.32258065     0.41935484     0.51612903     0.61290323     0.70967742     0.80645161     0.90322581
     0.12903226     0.22580645     0.32258065     0.41935484     0.51612903     0.61290323     0.70967742     0.80645161     0.90322581
     0.12903226     0.22580645     0.32258065     0.41935484     0.51612903     0.61290323     0.70967742     0.80645161     0.90322581
     0.12903226     0.22580645     0.32258065     0.41935484     0.51612903     0.61290323     0.70967742     0.80645161     0.90322581
     0.12903226     0.22580645     0.32258065     0.41935484     0.51612903     0.61290323     0.70967742     0.80645161     0.90322581
     0.12903226     0.22580645     0.32258065     0.41935484     0.51612903     0.61290323     0.70967742     0.80645161     0.90322581
     0.12903226     0.22580645     0.32258065     0.41935484     0.51612903     0.61290323     0.70967742     0.80645161     0.90322581
     0.12903226     0.22580645     0.32258065     0.41935484     0.51612903     0.61290323     0.70967742     0.80645161     0.90322581
     0.12903226     0.22580645     0.32258065     0.41935484     0.51612903     0.61290323     0.70967742     0.80645161     0.90322581
     0.12903226     0.22580645     0.32258065     0.41935484     0.51612903     0.61290323     0.70967742     0.80645161     0.90322581
     0.12903226     0.22580645     0.32258065     0.41935484     0.51612903     0.61290323     0.70967742     0.80645161     0.90322581
