  0.10  0.20  0.30  0.40  0.50  0.60  0.70  0.80  0.90
      0.0000000      0.0000000      0.0000000      0.0000000  0.00097656250    0.011718750    0.065429687     0.22656250     0.54882812
  2.0980835E-05  0.00022125244   0.0014896393   0.0071973801    0.026603699    0.078353882     0.18924713     0.38331032     0.66362381
  0.00084395707   0.0033222437    0.010673378    0.029449344    0.070755545     0.14961278     0.28104152     0.47312966     0.72010013
   0.0038931479    0.011395568    0.027507835    0.059579014     0.11727442     0.21102350     0.34888887     0.53270925     0.75522866
   0.0092043657    0.023471864    0.048675853    0.091857512     0.16076486     0.26243415     0.40106130     0.57584923     0.77976791
    0.015970694    0.037748914    0.071447534     0.12346716     0.19994299     0.30565023     0.44261834     0.60891875     0.79815219
    0.023372624    0.052749562    0.094103226     0.15314600     0.23479440     0.34235873     0.47664896     0.63529518     0.81258516
    0.030829049    0.067512652     0.11567732     0.18038811     0.26566019     0.37385714     0.50510997     0.65694529     0.82429805
    0.037989320    0.081490604     0.13568786     0.20506175     0.29295334     0.40110771     0.52929008     0.67509282     0.83403527
    0.044667541    0.094412504     0.15394425     0.22722320     0.31707391     0.42482931     0.55007084     0.69053910     0.84227365
    0.050782652     0.10617753     0.17042373     0.24702080     0.33838642     0.44557147     0.56807866     0.70383246     0.84933332
    0.056315981     0.11678353     0.18519536     0.26464345     0.35721646     0.46376598     0.58377559     0.71536376     0.85543851
    0.061283911     0.12628220     0.19837445     0.28029243     0.37385275     0.47976119     0.59751488     0.72542263     0.86075267
    0.065721078     0.13475194     0.21009584     0.29416626     0.38855074     0.49384463     0.60957543     0.73423153     0.86539945
    0.069670373     0.14228197     0.22049865     0.30645274     0.40153622     0.50625801     0.62018358     0.74196690     0.86947565
    0.073177155     0.14896317     0.22971794     0.31732531     0.41300870     0.51720741     0.62952718     0.74877242     0.87305926
    0.076286024     0.15488320     0.23788032     0.32694174     0.42314448     0.52687037     0.63776483     0.75476771     0.87621465
    0.079039131     0.16012392     0.24510213     0.33544419     0.43209928     0.53540097     0.64503221     0.76005400     0.87899592
    0.081475375     0.16476035     0.25148882     0.34295989     0.44001072     0.54293373     0.65144649     0.76471802     0.88144921
    0.083630131     0.16886041     0.25713521     0.34960227     0.44700036     0.54958643     0.65710958     0.76883478     0.88361429
    0.085535261     0.17248507     0.26212603     0.35547215     0.45317561     0.55546256     0.66211051     0.77246955     0.88552567
    0.087219284     0.17568881     0.26653675     0.36065897     0.45863134     0.56065316     0.66652736     0.77567942     0.88721348
    0.088707620     0.17852012     0.27043441     0.36524198     0.46345140     0.56523846     0.67042872     0.77851443     0.88870410
    0.090022861     0.18102205     0.27387845     0.36929131     0.46770986     0.56928918     0.67387500     0.78101861     0.89002073
    0.091185049     0.18323278     0.27692152     0.37286903     0.47147214     0.57286775     0.67691943     0.78323070     0.89118376
    0.092211943     0.18518612     0.27961021     0.37603001     0.47479606     0.57602923     0.67960895     0.78518486     0.89221116
    0.093119258     0.18691198     0.28198575     0.37882276     0.47773269     0.57882229     0.68198498     0.78691122     0.89311879
    0.093920901     0.18843683     0.28408457     0.38129016     0.48032716     0.58128987     0.68408411     0.78843636     0.89392062
    0.094629166     0.18978404     0.28593889     0.38347009     0.48261934     0.58346992     0.68593861     0.78978376     0.89462899
    0.095254924     0.19097431     0.28757718     0.38539605     0.48464444     0.58539594     0.68757701     0.79097414     0.89525482
    0.095807781     0.19202592     0.28902460     0.38709761     0.48643359     0.58709755     0.68902449     0.79202581     0.89580772
    0.096296228     0.19295500     0.29030338     0.38860092     0.48801428     0.58860088     0.69030332     0.79295494     0.89629619
    0.096727767     0.19377584     0.29143317     0.38992908     0.48941079     0.58992905     0.69143313     0.79377580     0.89672774
    0.097109027     0.19450104     0.29243133     0.39110249     0.49064459     0.59110247     0.69243131     0.79450102     0.89710901
    0.097445866     0.19514175     0.29331319     0.39213918     0.49173464     0.59213917     0.69331317     0.79514173     0.89744586
    0.097743460     0.19570780     0.29409230     0.39305508     0.49269767     0.59305507     0.69409229     0.79570780     0.89774345
    0.098006379     0.19620791     0.29478063     0.39386426     0.49354850     0.59386426     0.69478063     0.79620790     0.89800638
    0.098238665     0.19664974     0.29538876     0.39457917     0.49430020     0.59457917     0.69538876     0.79664974     0.89823866
    0.098443887     0.19704010     0.29592604     0.39521077     0.49496431     0.59521077     0.69592604     0.79704009     0.89844389
    0.098625197     0.19738497     0.29640072     0.39576879     0.49555104     0.59576879     0.69640072     0.79738497     0.89862520
    0.098785382     0.19768966     0.29682009     0.39626179     0.49606941     0.59626179     0.69682009     0.79768966     0.89878538
    0.098926903     0.19795885     0.29719059     0.39669735     0.49652738     0.59669735     0.69719059     0.79795885     0.89892690
    0.099051934     0.19819667     0.29751793     0.39708215     0.49693199     0.59708215     0.69751793     0.79819667     0.89905193
    0.099162398     0.19840679     0.29780713     0.39742213     0.49728946     0.59742213     0.69780713     0.79840679     0.89916240
    0.099259991     0.19859242     0.29806263     0.39772249     0.49760528     0.59772249     0.69806263     0.79859242     0.89925999
    0.099346213     0.19875642     0.29828836     0.39798785     0.49788430     0.59798785     0.69828836     0.79875642     0.89934621
    0.099422389     0.19890132     0.29848779     0.39822230     0.49813081     0.59822230     0.69848779     0.79890132     0.89942239
    0.099489689     0.19902933     0.29866399     0.39842942     0.49834860     0.59842942     0.69866399     0.79902933     0.89948969
    0.099549148     0.19914243     0.29881965     0.39861242     0.49854101     0.59861242     0.69881965     0.79914243     0.89954915
    0.099601679     0.19924235     0.29895718     0.39877409     0.49871101     0.59877409     0.69895718     0.79924235     0.89960168
    0.099648089     0.19933063     0.29907869     0.39891693     0.49886119     0.59891693     0.69907869     0.79933063     0.89964809
    0.099689092     0.19940862     0.29918603     0.39904312     0.49899388     0.59904312     0.69918603     0.79940862     0.89968909
    0.099725317     0.19947752     0.29928087     0.39915461     0.49911111     0.59915461     0.69928087     0.79947752     0.89972532
    0.099757322     0.19953840     0.29936466     0.39925311     0.49921468     0.59925311     0.69936466     0.79953840     0.89975732
    0.099785598     0.19959218     0.29943869     0.39934014     0.49930618     0.59934014     0.69943869     0.79959218     0.89978560
    0.099810579     0.19963970     0.29950409     0.39941702     0.49938702     0.59941702     0.69950409     0.79963970     0.89981058
    0.099832649     0.19968168     0.29956187     0.39948495     0.49945844     0.59948495     0.69956187     0.79968168     0.89983265
    0.099852148     0.19971877     0.29961292     0.39954496     0.49952154     0.59954496     0.69961292     0.79971877     0.89985215
    0.099869375     0.19975154     0.29965802     0.39959798     0.49957729     0.59959798     0.69965802     0.79975154     0.89986937
    0.099884595     0.19978049     0.29969786     0.39964482     0.49962654     0.59964482     0.69969786     0.79978049     0.89988459
    0.099898041     0.19980606     0.29973307     0.39968620     0.49967005     0.59968620     0.69973307     0.79980606     0.89989804
    0.099909921     0.19982866     0.29976417     0.39972276     0.49970850     0.59972276     0.69976417     0.79982866     0.89990992
    0.099920416     0.19984862     0.29979165     0.39975507     0.49974246     0.59975507     0.69979165     0.79984862     0.89992042
    0.099929689     0.19986626     0.29981592     0.39978361     0.49977247     0.59978361     0.69981592     0.79986626     0.89992969
    0.099937881     0.19988184     0.29983737     0.39980882     0.49979898     0.59980882     0.69983737     0.79988184     0.89993788
    0.099945119     0.19989561     0.29985632     0.39983109     0.49982240     0.59983109     0.69985632     0.79989561     0.89994512
    0.099951513     0.19990777     0.29987306     0.39985077     0.49984309     0.59985077     0.69987306     0.79990777     0.89995151
    0.099957163     0.19991852     0.29988785     0.39986816     0.49986138     0.59986816     0.69988785     0.79991852     0.89995716
    0.099962154     0.19992801     0.29990092     0.39988352     0.49987753     0.59988352     0.69990092     0.79992801     0.89996215
    0.099966564     0.19993640     0.29991246     0.39989709     0.49989180     0.59989709     0.69991246     0.79993640     0.89996656
    0.099970459     0.19994381     0.29992266     0.39990908     0.49990440     0.59990908     0.69992266     0.79994381     0.89997046
    0.099973901     0.19995036     0.29993167     0.39991968     0.49991554     0.59991968     0.69993167     0.79995036     0.89997390
    0.099976942     0.19995614     0.29993963     0.39992904     0.49992538     0.59992904     0.69993963     0.79995614     0.89997694
    0.099979629     0.19996125     0.29994667     0.39993730     0.49993408     0.59993730     0.69994667     0.79996125     0.89997963
    0.099982002     0.19996577     0.29995288     0.39994461     0.49994176     0.59994461     0.69995288     0.79996577     0.89998200
    0.099984099     0.19996976     0.29995837     0.39995106     0.49994854     0.59995106     0.69995837     0.79996976     0.89998410
    0.099985952     0.19997328     0.29996322     0.39995676     0.49995454     0.59995676     0.69996322     0.79997328     0.89998595
    0.099987589     0.19997639     0.29996751     0.39996180     0.49995984     0.59996180     0.69996751     0.79997639     0.89998759
    0.099989035     0.19997914     0.29997129     0.39996625     0.49996452     0.59996625     0.69997129     0.79997914     0.89998903
    0.099990313     0.19998157     0.29997464     0.39997018     0.49996865     0.59997018     0.69997464     0.79998157     0.89999031
    0.099991441     0.19998372     0.29997759     0.39997366     0.49997230     0.59997366     0.69997759     0.79998372     0.89999144
    0.099992438     0.19998562     0.29998020     0.39997673     0.49997553     0.59997673     0.69998020     0.79998562     0.89999244
    0.099993319     0.19998729     0.29998251     0.39997944     0.49997838     0.59997944     0.69998251     0.79998729     0.89999332
    0.099994098     0.19998877     0.29998455     0.39998184     0.49998090     0.59998184     0.69998455     0.79998877     0.89999410
    0.099994786     0.19999008     0.29998635     0.39998395     0.49998313     0.59998395     0.69998635     0.79999008     0.89999479
    0.099995393     0.19999124     0.29998794     0.39998582     0.49998509     0.59998582     0.69998794     0.79999124     0.89999539
    0.099995930     0.19999226     0.29998934     0.39998747     0.49998683     0.59998747     0.69998934     0.79999226     0.89999593
    0.099996404     0.19999316     0.29999059     0.39998893     0.49998836     0.59998893     0.69999059     0.79999316     0.89999640
    0.099996823     0.19999396     0.29999168     0.39999022     0.49998972     0.59999022     0.69999168     0.79999396     0.89999682
    0.099997193     0.19999466     0.29999265     0.39999136     0.49999092     0.59999136     0.69999265     0.79999466     0.89999719
    0.099997520     0.19999528     0.29999351     0.39999237     0.49999198     0.59999237     0.69999351     0.79999528     0.89999752
    0.099997809     0.19999583     0.29999426     0.39999326     0.49999291     0.59999326     0.69999426     0.79999583     0.89999781
    0.099998064     0.19999632     0.29999493     0.39999404     0.49999374     0.59999404     0.69999493     0.79999632     0.89999806
    0.099998290     0.19999675     0.29999552     0.39999474     0.49999447     0.59999474     0.69999552     0.79999675     0.89999829
    0.099998489     0.19999713     0.29999604     0.39999535     0.49999511     0.59999535     0.69999604     0.79999713     0.89999849
    0.099998665     0.19999746     0.29999651     0.39999589     0.49999568     0.59999589     0.69999651     0.79999746     0.89999867
    0.099998821     0.19999776     0.29999691     0.39999637     0.49999618     0.59999637     0.69999691     0.79999776     0.89999882
    0.099998958     0.19999802     0.29999727     0.39999679     0.49999663     0.59999679     0.69999727     0.79999802     0.89999896
    0.099999080     0.19999825     0.29999759     0.39999717     0.49999702     0.59999717     0.69999759     0.79999825     0.89999908
    0.099999187     0.19999845     0.29999787     0.39999750     0.49999737     0.59999750     0.69999787     0.79999845     0.89999919
    0.099999282     0.19999863     0.29999812     0.39999779     0.49999768     0.59999779     0.69999812     0.79999863     0.89999928
    0.099999365     0.19999879     0.29999834     0.39999805     0.49999795     0.59999805     0.69999834     0.79999879     0.89999937
    0.099999439     0.19999893     0.29999853     0.39999827     0.49999819     0.59999827     0.69999853     0.79999893     0.89999944
    0.099999505     0.19999906     0.29999870     0.39999848     0.49999840     0.59999848     0.69999870     0.79999906     0.89999950
    0.099999562     0.19999917     0.29999885     0.39999865     0.49999858     0.59999865     0.69999885     0.79999917     0.89999956
    0.099999613     0.19999926     0.29999899     0.39999881     0.49999875     0.59999881     0.69999899     0.79999926     0.89999961
    0.099999658     0.19999935     0.29999911     0.39999895     0.49999889     0.59999895     0.69999911     0.79999935     0.89999966
    0.099999698     0.19999943     0.29999921     0.39999907     0.49999902     0.59999907     0.69999921     0.79999943     0.89999970
    0.099999733     0.19999949     0.29999930     0.39999918     0.49999914     0.59999918     0.69999930     0.79999949     0.89999973
    0.099999764     0.19999955     0.29999938     0.39999927     0.49999924     0.59999927     0.69999938     0.79999955     0.89999976
    0.099999792     0.19999960     0.29999946     0.39999936     0.49999933     0.59999936     0.69999946     0.79999960     0.89999979
    0.099999816     0.19999965     0.29999952     0.39999943     0.49999940     0.59999943     0.69999952     0.79999965     0.89999982
    0.099999838     0.19999969     0.29999957     0.39999950     0.49999947     0.59999950     0.69999957     0.79999969     0.89999984
    0.099999856     0.19999973     0.29999962     0.39999956     0.49999954     0.59999956     0.69999962     0.79999973     0.89999986
    0.099999873     0.19999976     0.29999967     0.39999961     0.49999959     0.59999961     0.69999967     0.79999976     0.89999987
    0.099999888     0.19999979     0.29999971     0.39999966     0.49999964     0.59999966     0.69999971     0.79999979     0.89999989
    0.099999901     0.19999981     0.29999974     0.39999970     0.49999968     0.59999970     0.69999974     0.79999981     0.89999990
    0.099999913     0.19999983     0.29999977     0.39999973     0.49999972     0.59999973     0.69999977     0.79999983     0.89999991
    0.099999923     0.19999985     0.29999980     0.39999976     0.49999975     0.59999976     0.69999980     0.79999985     0.89999992
    0.099999932     0.19999987     0.29999982     0.39999979     0.49999978     0.59999979     0.69999982     0.79999987     0.89999993
    0.099999940     0.19999989     0.29999984     0.39999981     0.49999980     0.59999981     0.69999984     0.79999989     0.89999994
    0.099999947     0.19999990     0.29999986     0.39999984     0.49999983     0.59999984     0.69999986     0.79999990     0.89999995
    0.099999953     0.19999991     0.29999988     0.39999986     0.49999985     0.59999986     0.69999988     0.79999991     0.89999995
    0.099999958     0.19999992     0.29999989     0.39999987     0.49999987     0.59999987     0.69999989     0.79999992     0.89999996
    0.099999963     0.19999993     0.29999990     0.39999989     0.49999988     0.59999989     0.69999990     0.79999993     0.89999996
    0.099999968     0.19999994     0.29999992     0.39999990     0.49999989     0.59999990     0.69999992     0.79999994     0.89999997
    0.099999971     0.19999995     0.29999992     0.39999991     0.49999991     0.59999991     0.69999992     0.79999995     0.89999997
    0.099999975     0.19999995     0.29999993     0.39999992     0.49999992     0.59999992     0.69999993     0.79999995     0.89999997
    0.099999978     0.19999996     0.29999994     0.39999993     0.49999993     0.59999993     0.69999994     0.79999996     0.89999998
    0.099999980     0.19999996     0.29999995     0.39999994     0.49999994     0.59999994     0.69999995     0.79999996     0.89999998
    0.099999983     0.19999997     0.29999995     0.39999995     0.49999994     0.59999995     0.69999995     0.79999997     0.89999998
    0.099999985     0.19999997     0.29999996     0.39999995     0.49999995     0.59999995     0.69999996     0.79999997     0.89999998
    0.099999986     0.19999997     0.29999996     0.39999996     0.49999996     0.59999996     0.69999996     0.79999997     0.89999999
    0.099999988     0.19999998     0.29999997     0.39999996     0.49999996     0.59999996     0.69999997     0.79999998     0.89999999
    0.099999989     0.19999998     0.29999997     0.39999997     0.49999997     0.59999997     0.69999997     0.79999998     0.89999999
    0.099999991     0.19999998     0.29999998     0.39999997     0.49999997     0.59999997     0.69999998     0.79999998     0.89999999
    0.099999992     0.19999998     0.29999998     0.39999997     0.49999997     0.59999997     0.69999998     0.79999998     0.89999999
    0.099999993     0.19999999     0.29999998     0.39999998     0.49999998     0.59999998     0.69999998     0.79999999     0.89999999
    0.099999994     0.19999999     0.29999998     0.39999998     0.49999998     0.59999998     0.69999998     0.79999999     0.89999999
    0.099999994     0.19999999     0.29999998     0.39999998     0.49999998     0.59999998     0.69999998     0.79999999     0.89999999
    0.099999995     0.19999999     0.29999999     0.39999998     0.49999998     0.59999998     0.69999999     0.79999999     0.89999999
    0.099999996     0.19999999     0.29999999     0.39999999     0.49999999     0.59999999     0.69999999     0.79999999     0.90000000
    0.099999996     0.19999999     0.29999999     0.39999999     0.49999999     0.59999999     0.69999999     0.79999999     0.90000000
    0.099999997     0.19999999     0.29999999     0.39999999     0.49999999     0.59999999     0.69999999     0.79999999     0.90000000
    0.099999997     0.19999999     0.29999999     0.39999999     0.49999999     0.59999999     0.69999999     0.79999999     0.90000000
    0.099999997     0.19999999     0.29999999     0.39999999     0.49999999     0.59999999     0.69999999     0.79999999     0.90000000
    0.099999998     0.20000000     0.29999999     0.39999999     0.49999999     0.59999999     0.69999999     0.80000000     0.90000000
    0.099999998     0.20000000     0.29999999     0.39999999     0.49999999     0.59999999     0.69999999     0.80000000     0.90000000
    0.099999998     0.20000000     0.30000000     0.39999999     0.49999999     0.59999999     0.70000000     0.80000000     0.90000000
    0.099999998     0.20000000     0.30000000     0.39999999     0.49999999     0.59999999     0.70000000     0.80000000     0.90000000
    0.099999999     0.20000000     0.30000000     0.40000000     0.50000000     0.60000000     0.70000000     0.80000000     0.90000000
    0.099999999     0.20000000     0.30000000     0.40000000     0.50000000     0.60000000     0.70000000     0.80000000     0.90000000
    0.099999999     0.20000000     0.30000000     0.40000000     0.50000000     0.60000000     0.70000000     0.80000000     0.90000000
    0.099999999     0.20000000     0.30000000     0.40000000     0.50000000     0.60000000     0.70000000     0.80000000     0.90000000
    0.099999999     0.20000000     0.30000000     0.40000000     0.50000000     0.60000000     0.70000000     0.80000000     0.90000000
    0.099999999     0.20000000     0.30000000     0.40000000     0.50000000     0.60000000     0.70000000     0.80000000     0.90000000
    0.099999999     0.20000000     0.30000000     0.40000000     0.50000000     0.60000000     0.70000000     0.80000000     0.90000000
    0.099999999     0.20000000     0.30000000     0.40000000     0.50000000     0.60000000     0.70000000     0.80000000     0.90000000
    0.099999999     0.20000000     0.30000000     0.40000000     0.50000000     0.60000000     0.70000000     0.80000000     0.90000000
     0.10000000     0.20000000     0.30000000     0.40000000     0.50000000     0.60000000     0.70000000     0.80000000     0.90000000
     0.10000000     0.20000000     0.30000000     0.40000000     0.50000000     0.60000000     0.70000000     0.80000000     0.90000000
     0.10000000     0.20000000     0.30000000     0.40000000     0.50000000     0.60000000     0.70000000     0.80000000     0.90000000
     0.10000000     0.20000000     0.30000000     0.40000000     0.50000000     0.60000000     0.70000000     0.80000000     0.90000000
     0.10000000     0.20000000     0.30000000     0.40000000     0.50000000     0.60000000     0.70000000     0.80000000     0.90000000
     0.10000000     0.20000000     0.30000000     0.40000000     0.50000000     0.60000000     0.70000000     0.80000000     0.90000000
     0.10000000     0.20000000     0.30000000     0.40000000     0.50000000     0.60000000     0.70000000     0.80000000     0.90000000
     0.10000000     0.20000000     0.30000000     0.40000000     0.50000000     0.60000000     0.70000000     0.80000000     0.90000000
     0.10000000     0.20000000     0.30000000     0.40000000     0.50000000     0.60000000     0.70000000     0.80000000     0.90000000
     0.10000000     0.20000000     0.30000000     0.40000000     0.50000000     0.60000000     0.70000000     0.80000000     0.90000000
     0.10000000     0.20000000     0.30000000     0.40000000     0.50000000     0.60000000     0.70000000     0.80000000     0.90000000
     0.10000000     0.20000000     0.30000000     0.40000000     0.50000000     0.60000000     0.70000000     0.80000000     0.90000000
     0.10000000     0.20000000     0.30000000     0.40000000     0.50000000     0.60000000     0.70000000     0.80000000     0.90000000
     0.10000000     0.20000000     0.30000000     0.40000000     0.50000000     0.60000000     0.70000000     0.80000000     0.90000000
     0.10000000     0.20000000     0.30000000     0.40000000     0.50000000     0.60000000     0.70000000     0.80000000     0.90000000
     0.10000000     0.20000000     0.30000000     0.40000000     0.50000000     0.60000000     0.70000000     0.80000000     0.90000000
     0.10000000     0.20000000     0.30000000     0.40000000     0.50000000     0.60000000     0.70000000     0.80000000     0.90000000
     0.10000000     0.20000000     0.30000000     0.40000000     0.50000000     0.60000000     0.70000000     0.80000000     0.90000000
     0.10000000     0.20000000     0.30000000     0.40000000     0.50000000     0.60000000     0.70000000     0.80000000     0.90000000
     0.10000000     0.20000000     0.30000000     0.40000000     0.50000000     0.60000000     0.70000000     0.80000000     0.90000000
     0.10000000     0.20000000     0.30000000     0.40000000     0.50000000     0.60000000     0.70000000     0.80000000     0.90000000
     0.10000000     0.20000000     0.30000000     0.40000000     0.50000000     0.60000000     0.70000000     0.80000000     0.90000000
     0.10000000     0.20000000     0.30000000     0.40000000     0.50000000     0.60000000     0.70000000     0.80000000     0.90000000
     0.10000000     0.20000000     0.30000000     0.40000000     0.50000000     0.60000000     0.70000000     0.80000000     0.90000000
     0.10000000     0.20000000     0.30000000     0.40000000     0.50000000     0.60000000     0.70000000     0.80000000     0.90000000
     0.10000000     0.20000000     0.30000000     0.40000000     0.50000000     0.60000000     0.70000000     0.80000000     0.90000000
     0.10000000     0.20000000     0.30000000     0.40000000     0.50000000     0.60000000     0.70000000     0.80000000     0.90000000
     0.10000000     0.20000000     0.30000000     0.40000000     0.50000000     0.60000000     0.70000000     0.80000000     0.90000000
     0.10000000     0.20000000     0.30000000     0.40000000     0.50000000     0.60000000     0.70000000     0.80000000     0.90000000
     0.10000000     0.20000000     0.30000000     0.40000000     0.50000000     0.60000000     0.70000000     0.80000000     0.90000000
     0.10000000     0.20000000     0.30000000     0.40000000     0.50000000     0.60000000     0.70000000     0.80000000     0.90000000
     0.10000000     0.20000000     0.30000000     0.40000000     0.50000000     0.60000000     0.70000000     0.80000000     0.90000000
     0.10000000     0.20000000     0.30000000     0.40000000     0.50000000     0.60000000     0.70000000     0.80000000     0.90000000
     0.10000000     0.20000000     0.30000000     0.40000000     0.50000000     0.60000000     0.70000000     0.80000000     0.90000000
     0.10000000     0.20000000     0.30000000     0.40000000     0.50000000     0.60000000     0.70000000     0.80000000     0.90000000
     0.10000000     0.20000000     0.30000000     0.40000000     0.50000000     0.60000000     0.70000000     0.80000000     0.90000000
     0.10000000     0.20000000     0.30000000     0.40000000     0.50000000     0.60000000     0.70000000     0.80000000     0.90000000
     0.10000000     0.20000000     0.30000000     0.40000000     0.50000000     0.60000000     0.70000000     0.80000000     0.90000000
     0.10000000     0.20000000     0.30000000     0.40000000     0.50000000     0.60000000     0.70000000     0.80000000     0.90000000
     0.10000000     0.20000000     0.30000000     0.40000000     0.50000000     0.60000000     0.70000000     0.80000000     0.90000000
     0.10000000     0.20000000     0.30000000     0.40000000     0.50000000     0.60000000     0.70000000     0.80000000     0.90000000
